              precision    recall  f1-score   support

           0      0.997     1.000     0.998       980
           1      0.996     0.998     0.997      1135
           2      0.997     0.996     0.997      1032
           3      0.991     0.999     0.995      1010
           4      0.992     0.999     0.995       982
           5      0.994     0.992     0.993       892
           6      0.999     0.993     0.996       958
           7      0.996     0.997     0.997      1028
           8      0.999     0.995     0.997       974
           9      0.999     0.991     0.995      1009

    accuracy                          0.996     10000
   macro avg      0.996     0.996     0.996     10000
weighted avg      0.996     0.996     0.996     10000
